1577098944
91733851
91125000
1108717875
690807104
1581167125
451217663
1458274104
1105507304
1466003456
543338496
1516910949
101194696
1469878353
128024064
918330048
93576664
541343375
100544625
86350888
1655595487
125751501
820025856
1664006625
122023936
929714176
1493271207
1118386872
52313624
405224000
1121622319
102503232
128787625
881974079
1659797504
1524845951
109215352
129554216
512000000
817400375
53582633
82312875
107171875
663054848
944076141
432081216
87528384
825293672
827936019
1473760072
835896888
636056000
90518849
126506008
440711081
85184000
1647212741
1556862679
830584000
106496424
658503000
92345408
138991832
1622234375
111284641
107850176
117649000
895841344
82881856
1528823808
599077107
932574833
1971935064
454756609
2009916728
1532808577
1489355288
36926037
1111934656
110592000
1512953792
2136719872
1943764992
108531333
37259704
52734375
601211584
1115157653
94196375
1879080904
627222016
442450728
62099136
567663552
83453453
149721291
733870808
2024284625
2014698447
843908625
1128111921
2000376000
57512456
1151022592
81746504
736314327
95443993
569722789
1995616979
1573037747
57960603
1520875000
833237621
395446904
2222447625
84604519
2141700569
141420761
2242946629
89915392
1906624000
756058031
